3004 93792 442413 93792
3002 462227
2456 44237 448968 44237
87081 212317
47905 543599
30136 543696
60596 693022 40289
60471 912792 50340
92582 913887 53968
2926 266814
85984 444606
3040b 735007 3040 35281 6270
87697 814009
58090 858255
55981 533996 20896 57754
30046 983004
60592 407693
3957b 737117 15609 28658 30064 3957 54413
3003 3003 939628 15591 3003 62404
3001 771344 15589 54534 72841
30414 638340
3942c 183391 14918 3942 63417
3710 515555
3031 163746
4081b 194287 4081 41632
822931 3039 35277 6227 63341
3680 306217
4727 785889
33291 971193 28573
91405 14324
3028 20603
3010 752369
3005 30071 656416 3005 30071 35382
28653 3023 44980 28653 3023 6225
496432 2458 44865
11212 855115
3029 342067
4073 6141 961948 15570 30057 44325 51809
3676 53505
14769 333997
60481 91632
3009 340943
30068 3062b 763649 18860 30068 3062 35390
158788 18862 33847 35338 50746 54200 63290
3941 6143 997602 39223 6116 6143
3068b 462122 3068 63327
30069 4070 475629 30069 35388 4070
3021 960521
4287b 379789
853045 2431 35371 91143
3245c 978353 3245
12939 445156
85080 406167
60621 755923
3034 165861
61252 380889 52738
99206 600695
87079 26386
3679 776865
90195 691078
3660 3660b 384426
3037 935193
3666 804561
3460 840367
3020 80025
3045 294840
50950 727597 63278
93273 264231
3665 3665a 3665b 320373
15397 779867
735455 31510 96874
60607 388959
3659 813461
6091 60351 32807
30165 214419
60598 319519
267165 15207 35255
3795 735504
30044 204195
3622 45505 367537 45505
3022 94148 566026 94148
60593 532756
3065 887549 35743
30151 30151a 975952 30151
60601 716419 35315 35316 86209
60602 177161
87544 730588 74968
583545 15551 28701 59900 64288
6223 6223
44728 222977 21712 86644 92411
6215 320667
30367c 812304 18841 30367 40528
2877 701236
60599 546843
15332 893992
3069b 487300 15598 30070 3069 35386 45880 59489 63286
98138pr0026 98138p0c 643505 19241
98138pr0008 98138p07 325143 622580 10238 13360 19164
6081 706318
6232 129937 42929
60623 33657
30387 236459
98262 900878
60479 43273
3032 514495
6014b 6014 192092 6014
60608 743750
